state,total_rep_votes,total_dem_votes,total_votes,pct_rep,pct_dem,political_leaning
Alabama,1462616,772412,2256352,0.64822155408376,0.34232779282665116,0.3058937612571089
Alaska,184407,139690,324097,0.5689870625152347,0.4310129374847654,0.1379741250304693
Arizona,1770242,1582860,3389319,0.5223002024890546,0.46701417010319773,0.05528603238585689
Arkansas,759241,396905,1182676,0.6419687217800987,0.3355990989924544,0.3063696227876443
California,6081697,9276179,15862536,0.38340004397783556,0.584785371015076,-0.20138532703724044
Colorado,1377441,1728159,3190873,0.4316815492186621,0.54159441632431,-0.10991286710564796
Connecticut,736918,992053,1758429,0.41907748336725564,0.5641700631643359,-0.1450925797970803
Delaware,214351,289758,511697,0.4189022018890085,0.5662687098028716,-0.14736650791386308
District of Columbia,21076,294185,325869,0.06467629630311567,0.9027707452994915,-0.8380944489963759
Florida,6110125,4683038,10893547,0.5608939861369304,0.42989101713151834,0.13100296900541208
Georgia,2663117,2548017,5250047,0.5072558398048627,0.4853322265495909,0.021923613255271757
Hawaii,193661,313044,516701,0.3748028356825321,0.6058513531036325,-0.23104851742110039
Idaho,605246,274972,904812,0.6689190682705357,0.3038995946119194,0.3650194736586163
Illinois,2449079,3062863,5592368,0.43793237497961507,0.5476862395321624,-0.10975386455254738
Indiana,1720347,1163603,2933700,0.5864086307393394,0.396633261751372,0.18977536898796737
Iowa,927019,707278,1656849,0.5595072333085273,0.4268813875012147,0.13262584580731257
Kansas,758802,544853,1327591,0.5715630792917397,0.4104072715166041,0.16115580777513555
Kentucky,1337494,704043,2073309,0.64510114025454,0.33957456413877524,0.3055265761157648
Louisiana,1208505,766870,2006975,0.6021524931800346,0.3821024178178602,0.2200500753621744
Maine,377977,435652,831375,0.45464080589385053,0.52401383250639,-0.06937302661253947
Maryland,1035550,1902577,3015650,0.34339197188002585,0.6309011324258452,-0.2875091605458194
Massachusetts,1251308,2126545,3453437,0.36233699934297336,0.6157763989903392,-0.25343939964736584
Michigan,2816636,2736533,5662504,0.4974188097703772,0.48327259459772565,0.014146215172651577
Minnesota,1519032,1656979,3240916,0.4687045267449079,0.5112687277300615,-0.042564200985153566
Mississippi,747744,466668,1228008,0.6089080852893467,0.3800203256004847,0.228887759688862
Missouri,1751986,1200599,2993596,0.5852446355486846,0.4010557870868347,0.18418884846184985
Montana,352079,231906,602963,0.583914767572803,0.38461066433595426,0.19930410323684877
Nebraska,564816,369995,947159,0.5963264879497528,0.3906366301750815,0.20568985777467136
Nevada,751205,705197,1484840,0.505916462379785,0.47493130572991027,0.03098515664987478
New Hampshire,395578,418496,822153,0.4811488859129627,0.5090244759795318,-0.027875590066569145
New Jersey,1968215,2220713,4272725,0.4606463088544196,0.5197416168838388,-0.0590953080294192
New Mexico,423391,478802,923403,0.4585116141056505,0.5185189998299767,-0.060007385724326234
New York,3578899,4619195,8198094,0.4365525694143053,0.5634474305856947,-0.12689486117138937
North Carolina,2898423,2715375,5679647,0.5103174545882869,0.47808869107534324,0.03222876351294368
North Dakota,246505,112327,365059,0.6752470148660902,0.30769546840373746,0.3675515464623527
Ohio,3180116,2533699,5765017,0.5516230047543659,0.43949549498292895,0.11212750977143693
Oklahoma,1036213,499599,1566173,0.6616210342024795,0.3189934956099997,0.34262753859247985
Oregon,910702,1228410,2207592,0.4125318446524539,0.5564479305958709,-0.14391608594341704
Pennsylvania,3543308,3423042,7034206,0.5037253671558666,0.4866280572391539,0.017097309916712655
Rhode Island,214406,285156,510659,0.4198613947859531,0.5584078612146266,-0.13854646642867352
South Carolina,1483747,1028452,2548140,0.5822862951015251,0.40360890688894646,0.17867738821257861
South Dakota,272081,146859,428922,0.6343367791812964,0.34239092422398476,0.2919458549573116
Tennessee,1966865,1056265,3063942,0.6419393709149847,0.3447405336001791,0.29719883731480556
Texas,6393597,4835250,11380105,0.5618223206200645,0.4248862378686313,0.13693608275143326
Utah,883818,562566,1487951,0.5939832696103567,0.3780809986350357,0.21590227097532105
Vermont,119395,235791,366389,0.3258694993572405,0.6435537093089585,-0.317684209951718
Virginia,2075085,2335395,4482576,0.4629224356709178,0.520993955261439,-0.0580715195905212
Washington,1530923,2245849,3898835,0.3926616540581994,0.5760307886843121,-0.1833691346261127
West Virginia,533556,214309,762390,0.6998465352378703,0.28110153595928594,0.4187449992785844
Wisconsin,1697626,1668229,3415213,0.4970776346892566,0.4884699724438856,0.008607662245370962
Wyoming,192633,69527,266353,0.7232244427507856,0.26103329040784223,0.46219115234294333
