state,total_dem_votes,total_rep_votes,total_votes,pct_rep,pct_dem,political_leaning
AR,403618,775966,1206657,0.6430708975292896,0.3344927348865502,0.3085781626427394
AZ,1580751,1764767,3381682,0.5218607190149754,0.46744519443282956,0.05441552458214588
CA,6776968,4046175,11191273,0.36154734139717615,0.6055582774184849,-0.24401093602130874
CO,278634,74765,363962,0.20541979657216963,0.7655579428621669,-0.5601381462899973
CT,992053,736918,1758429,0.41907748336725564,0.5641700631643359,-0.1450925797970803
DC,294185,21076,325869,0.06467629630311567,0.9027707452994915,-0.8380944489963759
DE,288933,214262,510775,0.4194841172727718,0.5656756889041163,-0.14619157163134455
FL,3742110,4341325,8194338,0.5297956955156109,0.45667020325497926,0.07312549226063164
GA,1413993,672881,2108437,0.3191373515073014,0.6706356414728066,-0.35149828996550525
HI,313044,193661,516701,0.3748028356825321,0.6058513531036325,-0.23104851742110039
IA,707278,927019,1663506,0.5572682034209675,0.425173098263547,0.1320951051574205
IL,2575819,1612592,4269455,0.37770441426364726,0.6033133034544221,-0.22560888919077488
KS,544946,759157,1328049,0.5716332755794402,0.41033576321355614,0.16129751236588408
MA,2126518,1251303,3512930,0.3561992410893471,0.6053402715112456,-0.2491410304218985
MD,387035,112759,514529,0.21914994101401475,0.7522122173871638,-0.5330622763731491
ME,435652,377977,831375,0.45464080589385053,0.52401383250639,-0.06937302661253947
MI,2727270,2790720,5639357,0.4948649287498557,0.4836136460238286,0.011251282726027101
MN,503466,197888,721603,0.2742338931517746,0.697704970738758,-0.42347107758698344
MO,305633,187974,502728,0.373907958180169,0.607949030091819,-0.23404107191165002
MT,231906,352079,602963,0.583914767572803,0.38461066433595426,0.19930410323684877
NC,2712787,2896574,5695832,0.5085427379178319,0.4762758101011406,0.03226692781669127
NH,418488,395523,822116,0.481103639875638,0.5090376540536858,-0.02793401417804786
NJ,1022701,810975,1876623,0.43214593447911487,0.5449688083328404,-0.11282287385372558
NM,478801,423385,923396,0.4585085921966307,0.5185218476146746,-0.060013255418043865
NV,704258,749782,1482439,0.5057759543563006,0.47506710225513493,0.030708852101165696
NY,4568887,3494423,8168382,0.42779867542923433,0.5593380671961717,-0.1315393917669374
OH,656873,458662,1129214,0.40617810264484855,0.5817081616062146,-0.1755300589613661
OK,254725,747354,1020311,0.7324766664281773,0.24965427207978744,0.4828223943483899
PA,2119404,1360425,3526577,0.38576358888519946,0.6009804975192659,-0.2152169086340664
RI,285156,214406,510659,0.4198613947859531,0.5584078612146266,-0.13854646642867352
SC,1025831,1480198,2541877,0.5823247938432898,0.40357224208724496,0.17875255175604488
TN,1058196,1975907,3075011,0.6425690834927095,0.3441275494624247,0.2984415340302848
TX,4815464,6277978,11266511,0.5572246811812459,0.4274139527312404,0.12981072845000552
UT,561830,882981,1487285,0.5936864824159458,0.3777554402821248,0.21593104213382097
VA,2338567,2079996,4513070,0.4608827250629837,0.5181765405810236,-0.05729381551803986
VT,210544,104357,324961,0.32113699797821893,0.6479054409606075,-0.3267684429823886
WA,2243384,1528201,3918909,0.38995572492242103,0.5724511592384514,-0.18249543431603032
WI,1668114,1697300,3415345,0.49696297152996255,0.4884174219588358,0.008545549571126743
WV,214309,533556,762390,0.6998465352378703,0.28110153595928594,0.4187449992785844
WY,69527,192633,269048,0.7159800481698433,0.2584185721506943,0.457561476019149
