state,total_rep_votes,total_dem_votes,total_votes,pct_rep,pct_dem,political_leaning,imprisonment_rate_2022,crime_rate_person,crime_rate_property,crime_rate_society,incarceration_intensity,crime_rate_person_scaled,crime_rate_property_scaled,crime_rate_society_scaled,political_category
Alabama,1462616,772412,2256352,0.64822155408376,0.34232779282665116,0.3058937612571089,500,1671.938420374179,2784.7754411072933,936.5510472175788,0.5075445816186557,35.94516804877216,19.017858132451995,48.69776048445293,Strong Republican
Alaska,184407,139690,324097,0.5689870625152347,0.4310129374847654,0.1379741250304693,388.5,1615.4035349785977,2242.475252216413,525.9820701264298,0.35459533607681754,33.98785058349175,11.148224696342018,21.41495218296493,Lean Republican
Arizona,1770242,1582860,3389319,0.5223002024890546,0.46701417010319773,0.05528603238585689,567,1351.072900078034,2707.436955666999,1030.2266937505,0.5994513031550068,24.836351209620698,17.89555439111675,54.922621225229875,Swing
Arkansas,759241,396905,1182676,0.6419687217800987,0.3355990989924544,0.3063696227876443,743,2123.271152459926,3685.267483527877,1144.6544720015,0.840877914951989,51.570943761995856,32.08542187510435,62.526486379644886,Strong Republican
California,6081697,9276179,15862536,0.3834000439778355,0.584785371015076,-0.20138532703724044,319,1131.442674777345,3149.474665052464,810.7146425763514,0.25925925925925924,17.232443058457967,24.310220675699746,40.33577821901524,Strong Democrat
Colorado,1377441,1728159,3190873,0.4316815492186621,0.54159441632431,-0.10991286710564796,363,1233.8102974159851,4519.024720001938,695.0337581200769,0.3196159122085048,20.77655452641021,44.18455803652503,32.64864263188966,Lean Democrat
Connecticut,736918,992053,1758429,0.4190774833672557,0.5641700631643359,-0.1450925797970803,388.5,836.0942348395545,2702.1079427708246,284.2825452784161,0.35459533607681754,7.007063528834938,17.81822198569206,5.353724542949827,Lean Democrat
Delaware,214351,289758,511697,0.4189022018890085,0.5662687098028716,-0.14736650791386308,388.5,1646.7840564401245,3651.939644729574,1091.97685799843,0.35459533607681754,35.0742884934031,31.601782223241372,59.0259948061998,Lean Democrat
District of Columbia,21076,294185,325869,0.06467629630311567,0.9027707452994916,-0.8380944489963759,388.5,3522.0892761409896,8365.29341416141,911.3777887747948,0.35459533607681754,100,100,47.02496681824805,Strong Democrat
Florida,6110125,4683038,10893547,0.5608939861369304,0.42989101713151834,0.13100296900541208,466,1159.456644128575,2171.5265003531545,537.2391892964949,0.4609053497942387,18.202326186358995,10.118646095133531,22.163001454782442,Lean Republican
Georgia,2663117,2548017,5250047,0.5072558398048627,0.4853322265495909,0.02192361325527175,565,1316.1217236827642,2732.2473092831588,536.1827023719106,0.5967078189300411,23.62629219009883,18.255591861837104,22.092796612612737,Swing
Hawaii,193661,313044,516701,0.3748028356825321,0.6058513531036325,-0.2310485174211004,388.5,869.3941623356951,2071.2338252477607,203.7163079271531,0.35459533607681754,8.15995398266191,8.663240757693876,0,Strong Democrat
Idaho,605246,274972,904812,0.6689190682705357,0.3038995946119194,0.3650194736586163,388.5,954.191162085306,1474.2457777807292,1473.224159834171,0.35459533607681754,11.095745705806799,0,84.36034209453584,Strong Republican
Illinois,2449079,3062863,5592368,0.437932374979615,0.5476862395321624,-0.10975386455254738,388.5,1703.0991014198987,3256.31591970527,367.2173916611467,0.35459533607681754,37.023994773440585,25.86065625952516,10.864846039280177,Lean Democrat
Indiana,1720347,1163603,2933700,0.5864086307393394,0.396633261751372,0.18977536898796735,388.5,1441.4554145708858,2322.56310061354,881.1589311098896,0.35459533607681754,27.965521330599586,12.310426042539513,45.01688694187072,Lean Republican
Iowa,927019,707278,1656849,0.5595072333085273,0.4268813875012147,0.13262584580731257,340,1144.6676495412826,2442.569031045921,925.6718023588325,0.2880658436213992,17.690310336373614,14.051901893015717,47.97482142059806,Lean Republican
Kansas,758802,544853,1327591,0.5715630792917397,0.4104072715166041,0.16115580777513555,381,1810.0654630609745,3716.300124776024,1231.2762044434455,0.3443072702331962,40.72732107140001,32.53575458045836,68.2826059425502,Lean Republican
Kentucky,1337494,704043,2073309,0.64510114025454,0.33957456413877524,0.3055265761157648,561,1120.5444494713995,2445.818839088633,979.4458919963922,0.5912208504801097,16.85513112826424,14.099061747571866,51.54817513466319,Strong Republican
Louisiana,1208505,766870,2006975,0.6021524931800346,0.3821024178178602,0.2200500753621744,775,1753.8888731476495,3417.633998272488,1197.5155845570848,0.8847736625514403,38.78240830103044,28.201636718222804,66.0391716552721,Strong Republican
Maine,377977,435652,831375,0.4546408058938506,0.52401383250639,-0.06937302661253947,130,956.7807915903024,1787.103735557654,349.2815904599913,0,11.18540233150381,4.540063779638074,9.6729902167296,Swing
Maryland,1035550,1902577,3015650,0.34339197188002585,0.6309011324258452,-0.2875091605458194,322,1294.9109110848108,3448.9809043278683,435.1671737853998,0.26337448559670784,22.891943943697164,28.656529902967126,15.380191774747923,Strong Democrat
Massachusetts,1251308,2126545,3453437,0.36233699934297336,0.6157763989903392,-0.25343939964736584,388.5,1083.8405266126565,2082.743990713586,226.4797066264393,0.35459533607681754,15.584389554224757,8.830271462939015,1.5126555527966485,Strong Democrat
Michigan,2816636,2736533,5662504,0.4974188097703772,0.4832725945977257,0.01414621517265157,408,1732.8110745588806,2737.0150538664725,454.8908807175374,0.3813443072702332,38.05266518722049,18.32477937634713,16.69085610948838,Swing
Minnesota,1519032,1656979,3240916,0.4687045267449079,0.5112687277300615,-0.04256420098515356,195,861.0183292141834,2749.931580073815,482.7682082910124,0.08916323731138547,7.8699708273004525,18.512218600234522,18.543338461013082,Swing
Mississippi,747744,466668,1228008,0.6089080852893467,0.3800203256004847,0.228887759688862,859,1173.6352721568353,2255.602197937024,1040.0179948060447,1,18.69321028525199,11.338717440163846,55.57326509903935,Strong Republican
Missouri,1751986,1200599,2993596,0.5852446355486846,0.4010557870868347,0.18418884846184985,388.5,1455.6340225088445,3301.8359890040983,713.9565622873495,0.35459533607681754,28.456404733938,26.52122445903243,33.906086002988985,Lean Republican
Montana,352079,231906,602963,0.583914767572803,0.38461066433595426,0.19930410323684877,522,1411.364772773452,2823.2596024220065,495.1614641584375,0.5377229080932785,26.923740873816044,19.576324179204295,19.366885399356608,Lean Republican
Nebraska,564816,369995,947159,0.5963264879497528,0.3906366301750815,0.20568985777467136,374,1060.767475753924,2508.2002797108707,846.1753138600889,0.3347050754458162,14.785567992863099,15.00431511271914,42.69218299107259,Strong Republican
Nevada,751205,705197,1484840,0.505916462379785,0.4749313057299102,0.03098515664987478,388.5,2034.6097724890908,3994.124410853683,929.9348882122956,0.35459533607681754,48.501361745538055,36.56742437491617,48.25810866489222,Swing
New Hampshire,395578,418496,822153,0.4811488859129627,0.5090244759795318,-0.02787559006656914,182,1017.1737112372358,1831.3533330983184,467.6795807334814,0.07133058984910837,13.276290383670238,5.182195424571893,17.54068079286375,Swing
New Jersey,1968215,2220713,4272725,0.4606463088544196,0.5197416168838388,-0.0590953080294192,388.5,861.8561649769006,2399.375010431063,245.2591314520596,0.35459533607681754,7.8989778830312325,13.425088338762823,2.760571192111639,Swing
New Mexico,423391,478802,923403,0.4585116141056505,0.5185189998299767,-0.06000738572432623,295,2212.444749857898,5258.9969713165865,877.215308000984,0.22633744855967078,54.65825946817711,54.92272573410458,44.75482838582521,Swing
New York,3578899,4619195,8198094,0.4365525694143053,0.5634474305856947,-0.12689486117138937,199,2095.398556197907,3345.811588274189,366.8790726616687,0.09465020576131687,50.605955169826125,27.159379955707934,10.8423643299389,Lean Democrat
North Carolina,2898423,2715375,5679647,0.5103174545882869,0.4780886910753432,0.03222876351294368,341,1419.331425474521,3299.826818824548,1082.1904348106443,0.289437585733882,27.199557625942063,26.49206822204833,58.37567507264059,Swing
North Dakota,246505,112327,365059,0.6752470148660902,0.30769546840373746,0.3675515464623527,300,1643.5224753356822,3102.588764755857,1708.5796363432264,0.23319615912208505,34.9613679556593,23.629832108233213,100,Strong Republican
Ohio,3180116,2533699,5765017,0.5516230047543659,0.43949549498292895,0.11212750977143691,492,1423.1642129183915,2620.0421130625496,647.0165732437121,0.49657064471879286,27.332254132746712,16.62731700231891,29.457842246920162,Lean Republican
Oklahoma,1036213,499599,1566173,0.6616210342024795,0.3189934956099997,0.34262753859247985,388.5,1688.8498365987273,3347.5306278713633,898.3123095625267,0.35459533607681754,36.53066512915577,27.1843259390748,46.156749820361604,Strong Republican
Oregon,910702,1228410,2207592,0.4125318446524539,0.5564479305958709,-0.14391608594341704,367,1027.881790480898,4067.65503480554,355.38338779032955,0.32510288065843623,13.647019189018888,37.634470023587326,10.078462076872583,Lean Democrat
Pennsylvania,3543308,3423042,7034206,0.5037253671558666,0.4866280572391539,0.01709730991671265,366,1323.7709781526814,3436.9014858008513,701.0390738055521,0.32373113854595337,23.891120167825893,28.48123843548046,33.04770316928716,Swing
Rhode Island,214406,285156,510659,0.4198613947859531,0.5584078612146266,-0.13854646642867352,388.5,897.7221647657298,2144.2641163292974,276.73523682835287,0.35459533607681754,9.140709378641656,9.72302578509638,4.852196709322102,Lean Democrat
South Carolina,1483747,1028452,2548140,0.5822862951015251,0.40360890688894646,0.1786773882125786,383,1829.429714730592,3501.511583336938,1143.7734250673764,0.34705075445816186,41.3977387742011,29.418833137264027,62.46793973839934,Lean Republican
South Dakota,272081,146859,428922,0.6343367791812964,0.34239092422398476,0.2919458549573116,388.5,1654.60578140677,2684.233033124099,1504.876277705585,0.35459533607681754,35.345087642967336,17.55882877598101,86.463663856302,Strong Republican
Tennessee,1966865,1056265,3063942,0.6419393709149847,0.3447405336001791,0.29719883731480556,427,2078.461949109717,3672.0285416253328,1331.3630861439754,0.4074074074074074,50.019585946215784,31.89330388955088,74.9335010644265,Strong Republican
Texas,6393597,4835250,11380105,0.5618223206200645,0.4248862378686313,0.13693608275143326,601,1546.1526824364846,3313.2624690243138,749.5566518664584,0.6460905349794238,31.590288401879356,26.6870407561059,36.27175529048364,Lean Republican
Utah,883818,562566,1487951,0.5939832696103567,0.3780809986350357,0.21590227097532105,388.5,1206.6932428413895,2853.384638508236,1388.1457867801716,0.35459533607681754,19.83772385302272,20.01348609820174,78.70678064164646,Strong Republican
Vermont,119395,235791,366389,0.3258694993572405,0.6435537093089585,-0.317684209951718,388.5,633.7031865864357,2586.089728540892,227.03965008093115,0.35459533607681754,0,16.134614204236236,1.5498644769506584,Strong Democrat
Virginia,2075085,2335395,4482576,0.4629224356709178,0.520993955261439,-0.0580715195905212,397,1323.7917517343717,2899.0890196884334,632.7625894179046,0.3662551440329218,23.89183937852163,20.676728954613075,28.510647670731615,Swing
Washington,1530923,2245849,3898835,0.3926616540581994,0.5760307886843121,-0.1833691346261127,220,1156.4954667202876,4587.95748487403,271.6358733620514,0.12345679012345678,18.099806048244638,45.18488147803149,4.5133377996782125,Lean Democrat
West Virginia,533556,214309,762390,0.6998465352378703,0.28110153595928594,0.4187449992785844,413,1040.0672803166494,1891.9374210755077,780.3076479922638,0.38820301783264743,14.068898032703208,6.0613663601686945,38.315196415344595,Strong Republican
Wisconsin,1697626,1668229,3415213,0.4970776346892566,0.4884699724438856,0.00860766224537096,394,884.4950365444676,2044.7733933083848,1085.5997368749584,0.36213991769547327,8.682767544996345,8.27925804076009,58.602227344859394,Swing
Wyoming,192633,69527,266353,0.7232244427507856,0.26103329040784223,0.46219115234294333,475,1333.8587752027674,2542.1162365420228,1142.447808480321,0.4732510288065844,24.240373928829907,15.496489287398992,62.37985090255466,Strong Republican
